# Created by Octave 4.2.2, Wed Jun 02 16:29:29 2021 BST <william-embecosm@williamembecosm-ThinkPad-T590>
# name: Rfail
# type: cell
# rows: 1
# columns: 16
# name: <cell-element>
# type: scalar
572910.9999999997



# name: <cell-element>
# type: scalar
392505.5000000001



# name: <cell-element>
# type: scalar
215196



# name: <cell-element>
# type: scalar
199279.4999999999



# name: <cell-element>
# type: scalar
127691.5



# name: <cell-element>
# type: scalar
119696



# name: <cell-element>
# type: scalar
106957.4999999999



# name: <cell-element>
# type: scalar
103721.5



# name: <cell-element>
# type: scalar
82177.99999999996



# name: <cell-element>
# type: scalar
79550.99999999997



# name: <cell-element>
# type: scalar
72023.00000000001



# name: <cell-element>
# type: scalar
70317.99999999999



# name: <cell-element>
# type: scalar
65448.00000000001



# name: <cell-element>
# type: scalar
62308.49999999996



# name: <cell-element>
# type: scalar
60157.5



# name: <cell-element>
# type: scalar
54204.99999999997





