# Created by Octave 4.2.2, Wed Jun 02 16:29:29 2021 BST <william-embecosm@williamembecosm-ThinkPad-T590>
# name: Ofail
# type: cell
# rows: 1
# columns: 16
# name: <cell-element>
# type: scalar
572911



# name: <cell-element>
# type: scalar
392505.5000000001



# name: <cell-element>
# type: scalar
215196



# name: <cell-element>
# type: scalar
199279.4999999999



# name: <cell-element>
# type: scalar
127691.5



# name: <cell-element>
# type: scalar
119696



# name: <cell-element>
# type: scalar
106957.5



# name: <cell-element>
# type: scalar
103721.5



# name: <cell-element>
# type: scalar
82178



# name: <cell-element>
# type: scalar
79551



# name: <cell-element>
# type: scalar
72023



# name: <cell-element>
# type: scalar
70318



# name: <cell-element>
# type: scalar
65447.99999999999



# name: <cell-element>
# type: scalar
62308.5



# name: <cell-element>
# type: scalar
60157.5



# name: <cell-element>
# type: scalar
54205.00000000001





